rebase:0, mem access:4.591252, swap-in:0, swap-out:0, heap update:0, heap query:0, sketch update:0.0516648, sketch query:0.0516648, hash:12.2066592
rebase:0, mem access:4.591251, swap-in:0, swap-out:0, heap update:0, heap query:0, sketch update:0.0516673, sketch query:0.0516673, hash:12.2066692
rebase:0, mem access:4.5912092, swap-in:0, swap-out:0, heap update:0, heap query:0, sketch update:0.0516486, sketch query:0.0516486, hash:12.2065944
rebase:0, mem access:4.5911862, swap-in:0, swap-out:0, heap update:0, heap query:0, sketch update:0.0516642, sketch query:0.0516642, hash:12.2066568
